825200.851095
839267.389395
827682.539980
823247.844978
828625.663228
821419.458029
823745.230878
811923.608102
823021.791128
806640.403085
830568.708172
833959.469168
828363.316395
817139.790915
827363.605757
820452.322856
814963.011135
835469.326235
832339.864756
838628.657196
817067.807897
829047.173379
821222.882885
829160.221195
823575.038858
828046.744404
820266.847612
821871.799781
828863.970865
825451.219873
822292.086121
818232.627018
818655.524091
826054.848273
811002.189583
826661.149924
809074.898861
810891.926929
814606.750616
818427.448122
828922.865773
817696.155530
828324.254479
820668.588689
825466.829700
811949.649450
828621.913856
826372.275689
819341.554781
819165.702510
822065.195993
824786.001616
816330.136058
833968.979977
832439.136437
827444.247420
815301.584074
827043.467397
829912.575450
810060.788959
825137.176585
818552.179328
822628.614319
813839.014430
833454.404142
822446.327542
827794.417152
819076.241920
820166.804617
828552.747130
830119.323246
815791.824300
824064.168490
822297.263383
819976.229110
824207.406036
821386.189175
822344.995723
817360.781362
831251.059737
823860.754890
823543.905686
828403.832856
816026.084464
821154.919350
821180.088477
821390.944983
819256.174538
820597.660462
822322.552670
823347.698632
820011.084745
824806.030734
828031.733240
830315.203106
815462.415295
823557.165736
829885.405501
817916.908653
831826.340836
825464.590397
830542.536311
826208.398968
804922.275417
823591.340606
828429.492445
815254.265328
829692.258873
829684.993482
817569.087198
825863.363051
824151.915325
821293.794117
846685.892761
830116.748840
832518.468191
820463.706099
827035.887075
823003.607301
825977.453893
825952.585711
830467.010126
808505.018389
822861.390021
817847.073618
827916.401564
830455.364436
825480.167279
825917.545680
813965.838301
821245.779599
817698.770971
826727.930726
824676.812477
817275.179000
822110.283651
822547.064848
827369.615289
814289.400592
827149.557194
822274.850920
829242.247444
821639.785189
824626.283181
825652.672659
820838.238907
826400.480982
819218.890355
828953.855124
813609.160991
825600.984081
825738.671640
826970.463410
817307.501391
826205.290983
826584.601447
828863.676679
818604.299114
823153.930879
833375.157838
828871.922278
828496.518124
825213.419601
815671.002064
824828.274169
817524.415783
818371.108547
829553.759389
819718.666298
814058.521872
816828.160804
820926.987662
824412.843560
819422.301179
821434.720217
827463.761568
816120.733605
825782.525801
822094.241541
826126.787048
823251.742601
822058.423835
822424.322039
839379.752389
816919.854771
813716.895476
814687.250688
827052.652840
815407.367996
825446.968517
808452.505115
837721.681444
819899.897557
825131.172650
832839.808330
830855.635351
827394.284239
828489.299599
827385.126512
832237.554116
817893.841673
818567.180924
822872.586553
815238.642841
815298.378698
812760.921091
814715.975600
816494.586185
824185.159664
817625.161358
830343.202236
826150.609258
821011.600333
809335.558126
820009.834075
821191.827299
815297.918603
814630.515163
823887.418728
825222.443874
822533.853672
814697.367540
824043.049269
831812.994389
850763.524888
813501.810143
830178.731797
826577.644239
822511.377921
823284.744168
854764.013864
821742.908698
823514.316659
821866.975271
824857.956892
811825.598847
825809.351719
819106.981818
814914.495559
833383.399427
822342.548943
821868.321349
829374.493054
827726.148813
818983.138395
831451.646428
831317.640510
841581.895952
833770.062521
825552.317714
825549.989692
813731.532501
837526.717744
