1216833.535911
1185561.190194
1184031.362130
1213495.597483
1223687.159279
1198566.086453
1143442.134941
1216523.450791
1214659.172793
1267938.408639
1182635.894374
1211564.513768
1265228.586363
1253520.533380
1256618.362598
1205985.689028
1227874.538754
1249558.226682
1227456.305447
1293727.140940
1195053.365501
1219394.849845
1225149.010028
1248662.472131
1225454.029198
1211070.333904
1204489.184705
1236011.248358
1238032.788520
1195781.093039
1202374.633591
1202128.142382
1179723.218353
1149538.175943
1205142.615738
1177664.886835
1202850.405617
1216522.151267
1244967.698808
1197336.792507
1179306.926396
1211306.424116
1216324.073886
1202612.882265
1213268.973271
1184316.814838
1227742.701359
1224919.822447
1201201.417651
1219076.224983
1217777.971950
1266770.634302
1230972.100720
1224702.562729
1267304.853422
1283798.771416
1173107.502692
1210576.587885
1281622.138300
1209745.160312
1205904.740877
1277219.308288
1210039.473538
1218642.845731
1254469.333513
1245569.923111
1218434.690380
1200002.198405
1269664.683877
1179947.007528
1243608.711221
1236403.049002
1272783.034680
1227340.785989
1192585.810600
1272786.470405
1225479.269369
1221948.697813
1285967.189916
1174774.188369
1165920.159476
1190100.837125
1207256.642851
1195843.374426
1203683.388872
1226288.664360
1265849.205954
1219668.092008
1210470.712577
1260106.141003
1230089.190787
1194513.949335
1241048.342242
1234090.701522
1190079.991477
1204567.009322
1203778.543720
1213567.638636
1219206.780447
1278737.662353
1255224.426179
1212417.750910
1219744.283137
1216378.603995
1247100.546675
1190013.543064
1227321.363970
1226336.697514
1263621.349103
1205610.513398
1173542.096841
1219333.146411
1214252.338822
1241136.671198
1235184.140120
1230837.344397
1262357.250514
1229560.294315
1279411.570080
1194903.249894
1199963.990644
1278022.118722
1215750.052978
1222295.159893
1193611.276528
1195247.669810
1205744.506315
1197127.414797
1211394.350859
1263040.780622
1225285.675671
1192857.707853
1170955.347669
1218031.393673
1198881.795716
1259957.132109
1223285.182867
1222985.483281
1238337.900231
1187399.102140
1218331.656185
1218818.721419
1226497.269802
1223996.709591
1228259.512643
1244250.233248
1214473.688880
1210090.548251
1231672.086844
1242487.305893
1275668.168478
1189637.292334
1200937.589017
1220172.899677
1282587.876545
1254218.321714
1230981.400449
1229247.596060
1308782.405942
1218194.763497
1164899.496802
1217983.465476
1196029.684405
1238894.413287
1181964.238244
1202882.684946
1232485.833855
1222606.450742
1230514.197494
1231182.971803
1198275.852209
1231888.306857
1198436.966732
1208059.393888
1207406.717093
1259290.211367
1249850.834853
1180842.140115
1220938.658197
1267464.527254
1193092.815116
1217126.654648
1176947.074036
1193552.240674
1241490.786089
1229983.042678
1208335.368965
1178045.983095
1257119.183231
1353844.367622
1222488.118911
1233098.268719
1211158.648162
1217964.179494
1205524.575630
1260006.919810
1275960.730087
1247938.861113
1233487.150159
1213117.648979
1199367.049800
1224824.851081
1205635.895581
1205536.746231
1211813.120535
1248143.600614
1219390.019299
1162234.050953
1195695.015003
1210404.264044
1206876.271511
1262403.603165
1252623.840936
1233853.121243
1217755.472430
1196252.367256
1205830.862475
1187338.000458
1173940.384039
1278873.034245
1202944.994058
1205099.197753
1221442.591624
1175137.784748
1212991.877265
1237784.166344
1293352.203703
1235201.155740
1265993.983649
1289321.941890
1277477.788269
1247929.402765
1226222.487965
1245123.820285
1247289.041061
1197119.041971
1236747.445698
1227939.854617
1198430.935927
1254945.054646
1213463.887821
1229834.844506
1224867.869425
1215318.626270
1202415.297140
1251099.006342
1216601.601882
1263291.575257
1244890.451432
1335956.071306
1211035.878329
1267112.434903
1219484.463750
1227458.034124
1201435.479266
1225128.544717
1227839.878201
1205644.307788
1218690.096689
1223788.779707
1226382.565116
1202692.086097
1217539.977343
1205811.273625
1255121.801778
1205492.171189
1213638.489397
1204604.538015
1237794.983185
1231227.446128
1209954.595985
1219619.238365
1177722.227851
1210725.810802
1192577.035493
1184416.808381
1233048.091996
1247253.192278
1230161.753079
1247224.333552
1178699.228467
1208138.577621
1199126.428380
1197908.180801
1213604.510506
1257087.874145
1272732.326940
1173417.861014
1228647.581714
1222926.562634
1217394.677223
1188462.683975
1223946.613936
1214341.684805
1253131.887656
1244450.653816
1188704.263457
1249268.921536
1205240.261710
1206533.134596
1282291.090447
1199263.942544
1283612.009481
1212964.268770
1205288.686786
1202096.957832
1175017.398471
1257202.530403
1224214.843633
1189205.280071
1211065.290063
1245887.672258
1238739.544765
1238674.742962
1202350.027704
1210662.132661
1204102.996787
1241750.713428
1228185.652881
1238598.684154
1217694.535620
1235243.559059
1244768.663146
1223894.203747
1220753.767781
1192914.853987
1245889.661333
1229616.324602
1169363.580440
1233788.332021
1165745.919002
1263698.965781
1226999.094445
1212374.230484
1237483.505200
1191981.684613
1253460.053951
1211246.177358
1242231.178229
1184991.206172
1249500.936245
1200302.821447
1164419.265162
1218052.362348
1208970.223355
1201644.738769
1241787.104703
1215103.249179
1210870.995354
1274496.680398
1232280.986932
1233776.068418
1240821.954639
1207746.245220
1175615.750959
1207055.405068
1195198.428401
1211108.057199
1220134.950520
1244955.699888
1258064.629559
1232947.373129
1223444.702142
1239998.243311
1228947.185920
1220014.288620
1212915.172524
1217150.829270
1195415.927649
1252364.062020
1217477.188818
1236102.188975
1227906.985230
1184149.969253
1261267.706379
1219726.857680
1181246.544739
1199898.186326
1169753.298819
1193431.758542
1203450.075199
1234308.710652
1229229.330783
1289674.894185
1218171.767892
1214359.734132
1246306.605808
1190967.591010
1264059.118014
1248872.009273
1224620.121364
1221815.686283
1241135.159053
1158788.324786
1229631.317589
1249812.272789
1249341.113261
1251719.184165
1241940.618524
1179961.815014
1216197.435174
1273619.799928
1207928.426640
1224269.122141
1240012.471546
1209442.664385
1195105.942928
1220092.321885
1224214.030649
1218251.080096
1217021.823424
1272708.852637
1189984.659321
1203380.662203
1255459.016514
1199311.497289
1236903.500548
1223960.741382
1220469.555897
1197316.231748
1237527.983484
1276663.759886
1195254.283777
1173058.222270
1212923.142843
1244113.765571
1186161.819041
1224258.632773
1281711.643909
1234097.396141
1238131.251580
1232924.878542
1241155.685997
1211999.415864
1170703.171313
1246000.649410
1180729.840011
1218149.125152
1211020.749403
1173758.723532
1195148.384747
1245423.461093
1248224.976518
1253724.881201
1258415.321504
1184056.053282
1189151.104713
1203775.235199
1229922.930467
1250953.709434
1249800.509377
1259764.923872
1205797.268848
1209325.398756
