952382.592319
949760.295274
961752.816904
968963.082840
948500.723417
972774.702899
972066.649985
951658.984740
973949.516424
936098.284738
968905.239603
964642.107462
979023.005548
946488.705034
946103.420710
989865.827700
958023.398463
961636.902685
977284.540647
959375.577728
953216.156466
983504.289226
954092.562988
960880.658045
972715.318120
961720.068189
970104.428136
956999.707475
968462.219221
955756.797085
966272.697166
949106.343556
964073.903887
949885.270062
984417.108404
944273.005974
968108.349192
944537.416012
946552.209013
959241.232362
965790.440609
976351.184931
965100.366121
973491.958101
977156.208655
949371.343482
973502.759355
965803.314012
945155.112473
952243.044541
982102.280611
966688.689612
970321.470134
962558.936160
943716.711003
977538.089225
973102.058415
978282.512626
942848.675282
961414.239617
970547.173656
960688.704391
951948.026577
972038.784776
952993.237069
949172.517510
946406.133016
964392.517434
941376.855732
951308.785861
957593.592903
955878.947345
972957.683560
960290.414166
976912.201003
950791.493643
962831.047237
975764.649105
972232.057139
949551.522315
932017.486226
963167.654326
944067.656334
946631.176683
972487.467260
947773.922208
962094.147502
963766.203675
958395.403271
964465.606651
950040.031944
957436.514879
950574.214390
951231.011634
978465.568919
972417.768838
956688.126407
977071.905557
942812.277149
966082.974927
952284.322403
945933.736108
962288.868034
943490.087749
948233.208163
944127.483299
954604.310106
965956.855539
969196.633176
999825.903284
967732.482920
969249.334840
974170.168388
967532.173130
969469.302407
973873.463332
965771.052312
959361.644244
939973.762151
960005.131777
945241.602999
969443.737056
969134.042883
972046.383551
953194.451461
979064.007192
966338.685006
957813.600601
955996.690352
958927.405292
955062.023327
954226.092998
965251.410169
960607.894018
969804.900461
958876.815026
966341.752584
956749.832571
965686.169706
971620.239272
973660.418326
948624.809526
961533.063850
978909.710916
976352.592726
953986.109062
944445.977758
961095.774094
970401.183881
963440.494334
968025.593929
959967.852190
956059.085355
966816.652725
946862.289264
949853.192169
966674.978509
960621.508929
958972.585523
952316.132320
951906.738664
976243.163747
964435.636368
962421.291206
953321.201977
946528.232733
963292.461601
948038.240953
966033.593252
960323.496238
963913.150996
969934.782719
965806.677610
979489.371184
943773.159734
945987.262062
953645.242500
950326.725232
942319.101656
958860.246186
960208.202896
977717.979806
954937.587994
975549.625823
949726.502923
942257.762907
973139.066985
944435.378731
941616.158303
949058.054602
961135.973881
974859.525469
971286.760578
927375.183175
949551.210262
939059.605757
951018.526209
987734.712983
956284.265863
982196.467618
966335.464377
950037.772626
957549.052445
952682.634021
953073.095748
955039.214203
973165.291928
963152.087943
945072.156987
982292.072452
966806.703220
957130.102428
941416.931658
975669.426907
940214.553728
965323.721210
954326.541030
962619.952866
962372.975784
960287.271041
952044.862782
951065.647593
953691.426331
955464.739347
947874.249010
952454.902831
939068.527146
949906.620277
968439.059454
958175.535470
955322.029212
958740.561320
969974.006059
947671.117478
973819.256962
956321.705993
970468.587882
949098.675190
939628.103181
961286.237950
951177.790551
975765.107336
963414.036975
959404.305039
951022.555112
956250.604274
949759.696461
951374.724603
963269.324577
950549.817317
970555.066866
943834.106090
965550.807385
962730.653969
970403.511812
959484.788159
955615.991111
946630.317583
977394.522928
933414.144295
958074.472987
950552.235846
954574.915985
946590.895751
988903.202626
964552.944418
955212.990784
969429.339497
954044.723815
954826.904523
967564.479682
952305.566262
953374.939261
985506.055430
961591.793155
982156.121141
962553.137119
964061.562133
958411.082377
964322.406453
958344.479688
955630.728795
977118.292013
977235.286331
970491.591747
961820.923913
950088.724514
966443.548440
974592.873971
968473.913375
948687.602464
960517.368793
972840.251317
964183.916255
947768.028523
962427.399730
942290.233130
952193.844659
978645.410290
976120.738018
969613.903766
965919.402537
968844.418188
954825.373512
941923.239387
965449.276421
932997.354685
946254.628814
949315.627243
964092.498562
974821.103285
957338.542086
948881.997013
940484.517632
948787.102649
962149.178963
948466.991741
966636.116737
964582.493443
958374.418434
953847.770837
967201.749897
952130.279126
962278.417845
954233.321904
955568.929328
972798.606809
965244.083526
961989.952361
940652.316358
967046.160274
954392.436875
968534.210768
932939.676768
956444.340285
972145.768270
958224.485172
952168.220092
948557.395706
970787.011531
956145.677636
957159.825170
957127.253373
954876.758458
957335.953196
942094.044771
931907.900105
970361.600097
980029.399382
955355.038851
946319.180255
960234.243348
956373.143075
967990.843968
975587.318979
952418.702152
963309.821885
969066.061841
974969.005880
967212.017838
956489.911697
962321.321743
964705.326589
